3.200000000000000000e+01 1.000000000000000000e+00 7.728529999999999948e-03 7.377709999999999267e-12
3.200000000000000000e+01 2.000000000000000000e+00 7.891159999999999494e-03 7.377709999999999267e-12
3.200000000000000000e+01 3.000000000000000000e+00 8.390460000000000626e-03 7.377709999999999267e-12
3.200000000000000000e+01 4.000000000000000000e+00 9.160690000000000846e-03 7.377709999999999267e-12
3.200000000000000000e+01 5.000000000000000000e+00 9.500839999999999980e-03 7.377709999999999267e-12
3.200000000000000000e+01 6.000000000000000000e+00 9.717399999999999302e-03 7.377709999999999267e-12
3.200000000000000000e+01 7.000000000000000000e+00 1.155660000000000021e-02 7.377709999999999267e-12
3.200000000000000000e+01 8.000000000000000000e+00 1.249869999999999974e-02 7.377709999999999267e-12
3.200000000000000000e+01 9.000000000000000000e+00 1.480809999999999939e-02 7.377709999999999267e-12
3.200000000000000000e+01 1.000000000000000000e+01 1.620730000000000087e-02 7.377709999999999267e-12
3.200000000000000000e+01 1.100000000000000000e+01 1.661549999999999833e-02 7.377709999999999267e-12
3.200000000000000000e+01 1.200000000000000000e+01 1.856560000000000155e-02 7.377709999999999267e-12
3.200000000000000000e+01 1.300000000000000000e+01 1.375050000000000057e-02 7.377709999999999267e-12
3.200000000000000000e+01 1.400000000000000000e+01 2.018510000000000096e-02 7.377709999999999267e-12
3.200000000000000000e+01 1.500000000000000000e+01 1.979420000000000138e-02 7.377709999999999267e-12
3.200000000000000000e+01 1.600000000000000000e+01 1.988499999999999990e-02 7.377709999999999267e-12
3.200000000000000000e+01 1.700000000000000000e+01 2.531419999999999851e-02 7.377709999999999267e-12
3.200000000000000000e+01 1.800000000000000000e+01 2.919420000000000001e-02 7.377709999999999267e-12
3.200000000000000000e+01 1.900000000000000000e+01 2.615239999999999926e-02 7.377709999999999267e-12
3.200000000000000000e+01 2.000000000000000000e+01 2.968350000000000155e-02 7.377709999999999267e-12
3.200000000000000000e+01 2.100000000000000000e+01 2.490919999999999940e-02 7.377709999999999267e-12
3.200000000000000000e+01 2.200000000000000000e+01 3.133430000000000243e-02 7.377709999999999267e-12
3.200000000000000000e+01 2.300000000000000000e+01 2.262370000000000006e-02 7.377709999999999267e-12
3.200000000000000000e+01 2.400000000000000000e+01 3.659260000000000290e-02 7.377709999999999267e-12
3.200000000000000000e+01 2.500000000000000000e+01 3.889549999999999952e-02 7.377709999999999267e-12
3.200000000000000000e+01 2.600000000000000000e+01 3.659810000000000146e-02 7.377709999999999267e-12
3.200000000000000000e+01 2.700000000000000000e+01 4.370190000000000186e-02 7.377709999999999267e-12
3.200000000000000000e+01 2.800000000000000000e+01 4.037099999999999717e-02 7.377709999999999267e-12
3.200000000000000000e+01 2.900000000000000000e+01 3.677049999999999763e-02 7.377709999999999267e-12
3.200000000000000000e+01 3.000000000000000000e+01 4.053869999999999696e-02 7.377709999999999267e-12
3.200000000000000000e+01 3.100000000000000000e+01 3.860729999999999718e-02 7.377709999999999267e-12
3.200000000000000000e+01 3.200000000000000000e+01 4.522190000000000237e-02 7.377709999999999267e-12
3.300000000000000000e+01 1.000000000000000000e+00 3.303940000000000002e-03 1.896729999999999896e-11
3.300000000000000000e+01 2.000000000000000000e+00 8.757529999999999482e-03 1.896729999999999896e-11
3.300000000000000000e+01 3.000000000000000000e+00 8.443670000000000342e-03 1.896729999999999896e-11
3.300000000000000000e+01 4.000000000000000000e+00 9.899079999999999338e-03 1.896729999999999896e-11
3.300000000000000000e+01 5.000000000000000000e+00 8.458030000000000062e-03 1.896729999999999896e-11
3.300000000000000000e+01 6.000000000000000000e+00 1.117360000000000055e-02 1.896729999999999896e-11
3.300000000000000000e+01 7.000000000000000000e+00 1.136490000000000070e-02 1.896729999999999896e-11
3.300000000000000000e+01 8.000000000000000000e+00 1.161710000000000000e-02 1.896729999999999896e-11
3.300000000000000000e+01 9.000000000000000000e+00 1.290520000000000035e-02 1.896729999999999896e-11
3.300000000000000000e+01 1.000000000000000000e+01 1.334959999999999966e-02 1.896729999999999896e-11
3.300000000000000000e+01 1.100000000000000000e+01 1.440999999999999920e-02 1.896729999999999896e-11
3.300000000000000000e+01 1.200000000000000000e+01 1.599039999999999836e-02 1.896729999999999896e-11
3.300000000000000000e+01 1.300000000000000000e+01 1.964290000000000133e-02 1.896729999999999896e-11
3.300000000000000000e+01 1.400000000000000000e+01 2.223829999999999904e-02 1.896729999999999896e-11
3.300000000000000000e+01 1.500000000000000000e+01 2.122949999999999837e-02 1.896729999999999896e-11
3.300000000000000000e+01 1.600000000000000000e+01 2.140929999999999916e-02 1.896729999999999896e-11
3.300000000000000000e+01 1.700000000000000000e+01 1.838089999999999863e-02 1.896729999999999896e-11
3.300000000000000000e+01 1.800000000000000000e+01 2.416000000000000092e-02 1.896729999999999896e-11
3.300000000000000000e+01 1.900000000000000000e+01 2.340800000000000172e-02 1.896729999999999896e-11
3.300000000000000000e+01 2.000000000000000000e+01 2.794059999999999946e-02 1.896729999999999896e-11
3.300000000000000000e+01 2.100000000000000000e+01 2.547289999999999971e-02 1.896729999999999896e-11
3.300000000000000000e+01 2.200000000000000000e+01 3.438469999999999721e-02 1.896729999999999896e-11
3.300000000000000000e+01 2.300000000000000000e+01 3.962310000000000137e-02 1.896729999999999896e-11
3.300000000000000000e+01 2.400000000000000000e+01 3.016920000000000018e-02 1.896729999999999896e-11
3.300000000000000000e+01 2.500000000000000000e+01 3.091239999999999960e-02 1.896729999999999896e-11
3.300000000000000000e+01 2.600000000000000000e+01 2.875399999999999831e-02 1.896729999999999896e-11
3.300000000000000000e+01 2.700000000000000000e+01 3.561639999999999945e-02 1.896729999999999896e-11
3.300000000000000000e+01 2.800000000000000000e+01 4.043549999999999922e-02 1.896729999999999896e-11
3.300000000000000000e+01 2.900000000000000000e+01 4.023619999999999974e-02 1.896729999999999896e-11
3.300000000000000000e+01 3.000000000000000000e+01 4.593420000000000142e-02 1.896729999999999896e-11
3.300000000000000000e+01 3.100000000000000000e+01 4.933169999999999916e-02 1.896729999999999896e-11
3.300000000000000000e+01 3.200000000000000000e+01 4.428460000000000035e-02 1.896729999999999896e-11
6.400000000000000000e+01 1.000000000000000000e+00 1.986600000000000171e-02 3.778009999999999979e-01
6.400000000000000000e+01 2.000000000000000000e+00 1.664559999999999998e-02 3.778009999999999979e-01
6.400000000000000000e+01 3.000000000000000000e+00 1.300879999999999918e-02 3.778009999999999979e-01
6.400000000000000000e+01 4.000000000000000000e+00 1.450629999999999975e-02 3.778009999999999979e-01
6.400000000000000000e+01 5.000000000000000000e+00 1.241030000000000084e-02 3.778009999999999979e-01
6.400000000000000000e+01 6.000000000000000000e+00 1.423959999999999983e-02 3.778009999999999979e-01
6.400000000000000000e+01 7.000000000000000000e+00 1.365390000000000006e-02 3.778009999999999979e-01
6.400000000000000000e+01 8.000000000000000000e+00 1.442369999999999937e-02 3.778009999999999979e-01
6.400000000000000000e+01 9.000000000000000000e+00 1.318650000000000030e-02 3.778009999999999979e-01
6.400000000000000000e+01 1.000000000000000000e+01 1.732059999999999850e-02 3.778009999999999979e-01
6.400000000000000000e+01 1.100000000000000000e+01 1.841479999999999853e-02 3.778009999999999979e-01
6.400000000000000000e+01 1.200000000000000000e+01 1.901030000000000081e-02 3.778009999999999979e-01
6.400000000000000000e+01 1.300000000000000000e+01 1.708629999999999871e-02 3.778009999999999979e-01
6.400000000000000000e+01 1.400000000000000000e+01 1.898029999999999856e-02 3.778009999999999979e-01
6.400000000000000000e+01 1.500000000000000000e+01 2.198829999999999882e-02 3.778009999999999979e-01
6.400000000000000000e+01 1.600000000000000000e+01 2.207769999999999871e-02 3.778009999999999979e-01
6.400000000000000000e+01 1.700000000000000000e+01 2.557270000000000029e-02 3.778009999999999979e-01
6.400000000000000000e+01 1.800000000000000000e+01 2.586950000000000013e-02 3.778009999999999979e-01
6.400000000000000000e+01 1.900000000000000000e+01 2.975420000000000148e-02 3.778009999999999979e-01
6.400000000000000000e+01 2.000000000000000000e+01 2.722060000000000105e-02 3.778009999999999979e-01
6.400000000000000000e+01 2.100000000000000000e+01 2.696499999999999939e-02 3.778009999999999979e-01
6.400000000000000000e+01 2.200000000000000000e+01 3.159209999999999796e-02 3.778009999999999979e-01
6.400000000000000000e+01 2.300000000000000000e+01 2.879599999999999868e-02 3.778009999999999979e-01
6.400000000000000000e+01 2.400000000000000000e+01 3.461609999999999687e-02 3.778009999999999979e-01
6.400000000000000000e+01 2.500000000000000000e+01 3.430520000000000097e-02 3.778009999999999979e-01
6.400000000000000000e+01 2.600000000000000000e+01 3.703200000000000242e-02 3.778009999999999979e-01
6.400000000000000000e+01 2.700000000000000000e+01 4.277170000000000277e-02 3.778009999999999979e-01
6.400000000000000000e+01 2.800000000000000000e+01 3.723379999999999745e-02 3.778009999999999979e-01
6.400000000000000000e+01 2.900000000000000000e+01 3.795130000000000031e-02 3.778009999999999979e-01
6.400000000000000000e+01 3.000000000000000000e+01 4.005999999999999839e-02 3.778009999999999979e-01
6.400000000000000000e+01 3.100000000000000000e+01 4.154859999999999803e-02 3.778009999999999979e-01
6.400000000000000000e+01 3.200000000000000000e+01 4.810249999999999942e-02 3.778009999999999979e-01
1.280000000000000000e+02 1.000000000000000000e+00 5.129059999999999869e-02 3.276689999999999827e+02
1.280000000000000000e+02 2.000000000000000000e+00 2.975469999999999851e-02 3.276689999999999827e+02
1.280000000000000000e+02 3.000000000000000000e+00 2.712509999999999921e-02 3.276689999999999827e+02
1.280000000000000000e+02 4.000000000000000000e+00 2.304240000000000108e-02 3.276689999999999827e+02
1.280000000000000000e+02 5.000000000000000000e+00 2.432199999999999987e-02 3.276689999999999827e+02
1.280000000000000000e+02 6.000000000000000000e+00 2.212899999999999937e-02 3.276689999999999827e+02
1.280000000000000000e+02 7.000000000000000000e+00 2.204350000000000059e-02 3.276689999999999827e+02
1.280000000000000000e+02 8.000000000000000000e+00 2.115380000000000038e-02 3.276689999999999827e+02
1.280000000000000000e+02 9.000000000000000000e+00 2.084590000000000054e-02 3.276689999999999827e+02
1.280000000000000000e+02 1.000000000000000000e+01 2.310239999999999863e-02 3.276689999999999827e+02
1.280000000000000000e+02 1.100000000000000000e+01 2.255410000000000054e-02 3.276689999999999827e+02
1.280000000000000000e+02 1.200000000000000000e+01 2.222879999999999995e-02 3.276689999999999827e+02
1.280000000000000000e+02 1.300000000000000000e+01 2.193180000000000129e-02 3.276689999999999827e+02
1.280000000000000000e+02 1.400000000000000000e+01 2.440610000000000002e-02 3.276689999999999827e+02
1.280000000000000000e+02 1.500000000000000000e+01 2.328030000000000030e-02 3.276689999999999827e+02
1.280000000000000000e+02 1.600000000000000000e+01 2.225130000000000163e-02 3.276689999999999827e+02
1.280000000000000000e+02 1.700000000000000000e+01 2.388099999999999945e-02 3.276689999999999827e+02
1.280000000000000000e+02 1.800000000000000000e+01 2.838840000000000113e-02 3.276689999999999827e+02
1.280000000000000000e+02 1.900000000000000000e+01 2.932339999999999947e-02 3.276689999999999827e+02
1.280000000000000000e+02 2.000000000000000000e+01 2.740220000000000156e-02 3.276689999999999827e+02
1.280000000000000000e+02 2.100000000000000000e+01 2.857399999999999871e-02 3.276689999999999827e+02
1.280000000000000000e+02 2.200000000000000000e+01 3.086639999999999870e-02 3.276689999999999827e+02
1.280000000000000000e+02 2.300000000000000000e+01 3.069389999999999966e-02 3.276689999999999827e+02
1.280000000000000000e+02 2.400000000000000000e+01 3.309020000000000017e-02 3.276689999999999827e+02
1.280000000000000000e+02 2.500000000000000000e+01 3.379870000000000096e-02 3.276689999999999827e+02
1.280000000000000000e+02 2.600000000000000000e+01 3.686869999999999731e-02 3.276689999999999827e+02
1.280000000000000000e+02 2.700000000000000000e+01 3.818649999999999822e-02 3.276689999999999827e+02
1.280000000000000000e+02 2.800000000000000000e+01 3.729890000000000289e-02 3.276689999999999827e+02
1.280000000000000000e+02 2.900000000000000000e+01 3.911130000000000162e-02 3.276689999999999827e+02
1.280000000000000000e+02 3.000000000000000000e+01 3.851650000000000212e-02 3.276689999999999827e+02
1.280000000000000000e+02 3.100000000000000000e+01 4.203599999999999698e-02 3.276689999999999827e+02
1.280000000000000000e+02 3.200000000000000000e+01 4.378080000000000166e-02 3.276689999999999827e+02
2.560000000000000000e+02 1.000000000000000000e+00 1.834739999999999982e-01 3.243690000000000055e+03
2.560000000000000000e+02 2.000000000000000000e+00 1.008020000000000027e-01 3.243690000000000055e+03
2.560000000000000000e+02 3.000000000000000000e+00 7.160500000000000198e-02 3.243690000000000055e+03
2.560000000000000000e+02 4.000000000000000000e+00 6.223599999999999965e-02 3.243690000000000055e+03
2.560000000000000000e+02 5.000000000000000000e+00 5.040250000000000286e-02 3.243690000000000055e+03
2.560000000000000000e+02 6.000000000000000000e+00 4.418289999999999718e-02 3.243690000000000055e+03
2.560000000000000000e+02 7.000000000000000000e+00 4.524870000000000281e-02 3.243690000000000055e+03
2.560000000000000000e+02 8.000000000000000000e+00 4.078040000000000137e-02 3.243690000000000055e+03
2.560000000000000000e+02 9.000000000000000000e+00 3.871779999999999666e-02 3.243690000000000055e+03
2.560000000000000000e+02 1.000000000000000000e+01 3.684919999999999862e-02 3.243690000000000055e+03
2.560000000000000000e+02 1.100000000000000000e+01 4.339319999999999983e-02 3.243690000000000055e+03
2.560000000000000000e+02 1.200000000000000000e+01 3.855009999999999687e-02 3.243690000000000055e+03
2.560000000000000000e+02 1.300000000000000000e+01 3.472019999999999967e-02 3.243690000000000055e+03
2.560000000000000000e+02 1.400000000000000000e+01 3.674689999999999901e-02 3.243690000000000055e+03
2.560000000000000000e+02 1.500000000000000000e+01 3.889370000000000327e-02 3.243690000000000055e+03
2.560000000000000000e+02 1.600000000000000000e+01 3.753970000000000223e-02 3.243690000000000055e+03
2.560000000000000000e+02 1.700000000000000000e+01 3.845599999999999713e-02 3.243690000000000055e+03
2.560000000000000000e+02 1.800000000000000000e+01 3.647319999999999729e-02 3.243690000000000055e+03
2.560000000000000000e+02 1.900000000000000000e+01 3.624879999999999769e-02 3.243690000000000055e+03
2.560000000000000000e+02 2.000000000000000000e+01 3.652790000000000203e-02 3.243690000000000055e+03
2.560000000000000000e+02 2.100000000000000000e+01 3.715000000000000246e-02 3.243690000000000055e+03
2.560000000000000000e+02 2.200000000000000000e+01 3.671859999999999707e-02 3.243690000000000055e+03
2.560000000000000000e+02 2.300000000000000000e+01 4.274580000000000046e-02 3.243690000000000055e+03
2.560000000000000000e+02 2.400000000000000000e+01 3.914970000000000255e-02 3.243690000000000055e+03
2.560000000000000000e+02 2.500000000000000000e+01 4.004069999999999852e-02 3.243690000000000055e+03
2.560000000000000000e+02 2.600000000000000000e+01 3.937240000000000184e-02 3.243690000000000055e+03
2.560000000000000000e+02 2.700000000000000000e+01 4.169950000000000045e-02 3.243690000000000055e+03
2.560000000000000000e+02 2.800000000000000000e+01 4.456399999999999945e-02 3.243690000000000055e+03
2.560000000000000000e+02 2.900000000000000000e+01 4.469290000000000068e-02 3.243690000000000055e+03
2.560000000000000000e+02 3.000000000000000000e+01 5.016709999999999919e-02 3.243690000000000055e+03
2.560000000000000000e+02 3.100000000000000000e+01 4.567419999999999813e-02 3.243690000000000055e+03
2.560000000000000000e+02 3.200000000000000000e+01 4.490949999999999803e-02 3.243690000000000055e+03
5.120000000000000000e+02 1.000000000000000000e+00 7.272610000000000463e-01 1.112879999999999927e+04
5.120000000000000000e+02 2.000000000000000000e+00 3.781919999999999726e-01 1.112879999999999927e+04
5.120000000000000000e+02 3.000000000000000000e+00 2.585060000000000136e-01 1.112879999999999927e+04
5.120000000000000000e+02 4.000000000000000000e+00 1.935719999999999941e-01 1.112879999999999927e+04
5.120000000000000000e+02 5.000000000000000000e+00 1.636920000000000042e-01 1.112879999999999927e+04
5.120000000000000000e+02 6.000000000000000000e+00 1.406669999999999865e-01 1.112879999999999927e+04
5.120000000000000000e+02 7.000000000000000000e+00 1.246990000000000043e-01 1.112879999999999927e+04
5.120000000000000000e+02 8.000000000000000000e+00 1.082510000000000000e-01 1.112879999999999927e+04
5.120000000000000000e+02 9.000000000000000000e+00 1.019290000000000057e-01 1.112879999999999927e+04
5.120000000000000000e+02 1.000000000000000000e+01 9.632809999999999984e-02 1.112879999999999927e+04
5.120000000000000000e+02 1.100000000000000000e+01 8.895160000000000566e-02 1.112879999999999927e+04
5.120000000000000000e+02 1.200000000000000000e+01 8.442479999999999429e-02 1.112879999999999927e+04
5.120000000000000000e+02 1.300000000000000000e+01 8.368369999999999975e-02 1.112879999999999927e+04
5.120000000000000000e+02 1.400000000000000000e+01 8.017290000000000527e-02 1.112879999999999927e+04
5.120000000000000000e+02 1.500000000000000000e+01 8.223809999999999454e-02 1.112879999999999927e+04
5.120000000000000000e+02 1.600000000000000000e+01 7.408770000000000633e-02 1.112879999999999927e+04
5.120000000000000000e+02 1.700000000000000000e+01 7.160160000000000136e-02 1.112879999999999927e+04
5.120000000000000000e+02 1.800000000000000000e+01 7.042779999999999874e-02 1.112879999999999927e+04
5.120000000000000000e+02 1.900000000000000000e+01 7.183390000000000608e-02 1.112879999999999927e+04
5.120000000000000000e+02 2.000000000000000000e+01 7.101470000000000005e-02 1.112879999999999927e+04
5.120000000000000000e+02 2.100000000000000000e+01 6.922849999999999837e-02 1.112879999999999927e+04
5.120000000000000000e+02 2.200000000000000000e+01 7.253329999999999500e-02 1.112879999999999927e+04
5.120000000000000000e+02 2.300000000000000000e+01 7.113619999999999666e-02 1.112879999999999927e+04
5.120000000000000000e+02 2.400000000000000000e+01 6.729670000000000096e-02 1.112879999999999927e+04
5.120000000000000000e+02 2.500000000000000000e+01 6.696889999999999787e-02 1.112879999999999927e+04
5.120000000000000000e+02 2.600000000000000000e+01 6.349200000000000677e-02 1.112879999999999927e+04
5.120000000000000000e+02 2.700000000000000000e+01 6.740459999999999507e-02 1.112879999999999927e+04
5.120000000000000000e+02 2.800000000000000000e+01 6.664979999999999516e-02 1.112879999999999927e+04
5.120000000000000000e+02 2.900000000000000000e+01 7.024900000000000588e-02 1.112879999999999927e+04
5.120000000000000000e+02 3.000000000000000000e+01 7.204389999999999405e-02 1.112879999999999927e+04
5.120000000000000000e+02 3.100000000000000000e+01 6.994970000000000354e-02 1.112879999999999927e+04
5.120000000000000000e+02 3.200000000000000000e+01 7.013980000000000214e-02 1.112879999999999927e+04
1.024000000000000000e+03 1.000000000000000000e+00 2.865089999999999915e+00 3.149379999999999927e+04
1.024000000000000000e+03 2.000000000000000000e+00 1.508809999999999985e+00 3.149379999999999927e+04
1.024000000000000000e+03 3.000000000000000000e+00 9.868730000000000002e-01 3.149379999999999927e+04
1.024000000000000000e+03 4.000000000000000000e+00 7.434690000000000465e-01 3.149379999999999927e+04
1.024000000000000000e+03 5.000000000000000000e+00 6.127230000000000176e-01 3.149379999999999927e+04
1.024000000000000000e+03 6.000000000000000000e+00 5.339880000000000182e-01 3.149379999999999927e+04
1.024000000000000000e+03 7.000000000000000000e+00 4.331699999999999995e-01 3.149379999999999927e+04
1.024000000000000000e+03 8.000000000000000000e+00 3.784020000000000161e-01 3.149379999999999927e+04
1.024000000000000000e+03 9.000000000000000000e+00 3.573919999999999875e-01 3.149379999999999927e+04
1.024000000000000000e+03 1.000000000000000000e+01 3.222700000000000009e-01 3.149379999999999927e+04
1.024000000000000000e+03 1.100000000000000000e+01 2.995760000000000089e-01 3.149379999999999927e+04
1.024000000000000000e+03 1.200000000000000000e+01 2.792350000000000110e-01 3.149379999999999927e+04
1.024000000000000000e+03 1.300000000000000000e+01 2.643610000000000126e-01 3.149379999999999927e+04
1.024000000000000000e+03 1.400000000000000000e+01 2.509609999999999896e-01 3.149379999999999927e+04
1.024000000000000000e+03 1.500000000000000000e+01 2.300270000000000092e-01 3.149379999999999927e+04
1.024000000000000000e+03 1.600000000000000000e+01 2.190880000000000050e-01 3.149379999999999927e+04
1.024000000000000000e+03 1.700000000000000000e+01 2.092140000000000111e-01 3.149379999999999927e+04
1.024000000000000000e+03 1.800000000000000000e+01 2.021300000000000041e-01 3.149379999999999927e+04
1.024000000000000000e+03 1.900000000000000000e+01 1.936390000000000056e-01 3.149379999999999927e+04
1.024000000000000000e+03 2.000000000000000000e+01 1.880630000000000079e-01 3.149379999999999927e+04
1.024000000000000000e+03 2.100000000000000000e+01 1.826570000000000138e-01 3.149379999999999927e+04
1.024000000000000000e+03 2.200000000000000000e+01 1.737940000000000040e-01 3.149379999999999927e+04
1.024000000000000000e+03 2.300000000000000000e+01 1.733320000000000138e-01 3.149379999999999927e+04
1.024000000000000000e+03 2.400000000000000000e+01 1.706040000000000056e-01 3.149379999999999927e+04
1.024000000000000000e+03 2.500000000000000000e+01 1.597729999999999984e-01 3.149379999999999927e+04
1.024000000000000000e+03 2.600000000000000000e+01 1.628449999999999898e-01 3.149379999999999927e+04
1.024000000000000000e+03 2.700000000000000000e+01 1.544159999999999977e-01 3.149379999999999927e+04
1.024000000000000000e+03 2.800000000000000000e+01 1.581369999999999998e-01 3.149379999999999927e+04
1.024000000000000000e+03 2.900000000000000000e+01 1.512239999999999973e-01 3.149379999999999927e+04
1.024000000000000000e+03 3.000000000000000000e+01 1.564560000000000117e-01 3.149379999999999927e+04
1.024000000000000000e+03 3.100000000000000000e+01 1.486709999999999976e-01 3.149379999999999927e+04
1.024000000000000000e+03 3.200000000000000000e+01 1.475289999999999935e-01 3.149379999999999927e+04
1.025000000000000000e+03 1.000000000000000000e+00 2.874859999999999971e+00 3.153940000000000146e+04
1.025000000000000000e+03 2.000000000000000000e+00 1.484939999999999927e+00 3.153940000000000146e+04
1.025000000000000000e+03 3.000000000000000000e+00 1.000099999999999989e+00 3.153940000000000146e+04
1.025000000000000000e+03 4.000000000000000000e+00 7.350900000000000212e-01 3.153940000000000146e+04
1.025000000000000000e+03 5.000000000000000000e+00 5.948329999999999451e-01 3.153940000000000146e+04
1.025000000000000000e+03 6.000000000000000000e+00 4.982710000000000194e-01 3.153940000000000146e+04
1.025000000000000000e+03 7.000000000000000000e+00 4.320519999999999916e-01 3.153940000000000146e+04
1.025000000000000000e+03 8.000000000000000000e+00 3.805330000000000101e-01 3.153940000000000146e+04
1.025000000000000000e+03 9.000000000000000000e+00 3.681820000000000093e-01 3.153940000000000146e+04
1.025000000000000000e+03 1.000000000000000000e+01 3.243619999999999837e-01 3.153940000000000146e+04
1.025000000000000000e+03 1.100000000000000000e+01 2.975030000000000174e-01 3.153940000000000146e+04
1.025000000000000000e+03 1.200000000000000000e+01 2.780449999999999866e-01 3.153940000000000146e+04
1.025000000000000000e+03 1.300000000000000000e+01 2.615279999999999827e-01 3.153940000000000146e+04
1.025000000000000000e+03 1.400000000000000000e+01 2.407620000000000038e-01 3.153940000000000146e+04
1.025000000000000000e+03 1.500000000000000000e+01 2.349970000000000114e-01 3.153940000000000146e+04
1.025000000000000000e+03 1.600000000000000000e+01 2.238519999999999954e-01 3.153940000000000146e+04
1.025000000000000000e+03 1.700000000000000000e+01 2.079509999999999970e-01 3.153940000000000146e+04
1.025000000000000000e+03 1.800000000000000000e+01 1.988520000000000010e-01 3.153940000000000146e+04
1.025000000000000000e+03 1.900000000000000000e+01 1.970850000000000102e-01 3.153940000000000146e+04
1.025000000000000000e+03 2.000000000000000000e+01 1.835600000000000009e-01 3.153940000000000146e+04
1.025000000000000000e+03 2.100000000000000000e+01 1.937570000000000126e-01 3.153940000000000146e+04
1.025000000000000000e+03 2.200000000000000000e+01 1.751630000000000131e-01 3.153940000000000146e+04
1.025000000000000000e+03 2.300000000000000000e+01 1.777009999999999978e-01 3.153940000000000146e+04
1.025000000000000000e+03 2.400000000000000000e+01 1.666799999999999948e-01 3.153940000000000146e+04
1.025000000000000000e+03 2.500000000000000000e+01 1.649460000000000093e-01 3.153940000000000146e+04
1.025000000000000000e+03 2.600000000000000000e+01 1.595090000000000119e-01 3.153940000000000146e+04
1.025000000000000000e+03 2.700000000000000000e+01 1.564959999999999962e-01 3.153940000000000146e+04
1.025000000000000000e+03 2.800000000000000000e+01 1.561299999999999910e-01 3.153940000000000146e+04
1.025000000000000000e+03 2.900000000000000000e+01 1.525060000000000027e-01 3.153940000000000146e+04
1.025000000000000000e+03 3.000000000000000000e+01 1.539609999999999868e-01 3.153940000000000146e+04
1.025000000000000000e+03 3.100000000000000000e+01 1.508319999999999939e-01 3.153940000000000146e+04
1.025000000000000000e+03 3.200000000000000000e+01 1.473879999999999912e-01 3.153940000000000146e+04
2.048000000000000000e+03 1.000000000000000000e+00 1.426060000000000016e+01 8.814660000000000582e+04
2.048000000000000000e+03 2.000000000000000000e+00 6.248999999999999666e+00 8.814660000000000582e+04
2.048000000000000000e+03 3.000000000000000000e+00 3.850249999999999950e+00 8.814660000000000582e+04
2.048000000000000000e+03 4.000000000000000000e+00 2.881730000000000125e+00 8.814660000000000582e+04
2.048000000000000000e+03 5.000000000000000000e+00 2.481930000000000192e+00 8.814660000000000582e+04
2.048000000000000000e+03 6.000000000000000000e+00 1.993999999999999995e+00 8.814660000000000582e+04
2.048000000000000000e+03 7.000000000000000000e+00 1.679100000000000037e+00 8.814660000000000582e+04
2.048000000000000000e+03 8.000000000000000000e+00 1.476900000000000102e+00 8.814660000000000582e+04
2.048000000000000000e+03 9.000000000000000000e+00 1.388700000000000045e+00 8.814660000000000582e+04
2.048000000000000000e+03 1.000000000000000000e+01 1.248189999999999911e+00 8.814660000000000582e+04
2.048000000000000000e+03 1.100000000000000000e+01 1.162069999999999936e+00 8.814660000000000582e+04
2.048000000000000000e+03 1.200000000000000000e+01 1.072009999999999907e+00 8.814660000000000582e+04
2.048000000000000000e+03 1.300000000000000000e+01 9.791149999999999576e-01 8.814660000000000582e+04
2.048000000000000000e+03 1.400000000000000000e+01 9.183850000000000069e-01 8.814660000000000582e+04
2.048000000000000000e+03 1.500000000000000000e+01 8.464859999999999607e-01 8.814660000000000582e+04
2.048000000000000000e+03 1.600000000000000000e+01 8.211549999999999683e-01 8.814660000000000582e+04
2.048000000000000000e+03 1.700000000000000000e+01 7.696089999999999876e-01 8.814660000000000582e+04
2.048000000000000000e+03 1.800000000000000000e+01 7.309010000000000229e-01 8.814660000000000582e+04
2.048000000000000000e+03 1.900000000000000000e+01 6.827889999999999793e-01 8.814660000000000582e+04
2.048000000000000000e+03 2.000000000000000000e+01 6.577330000000000121e-01 8.814660000000000582e+04
2.048000000000000000e+03 2.100000000000000000e+01 6.272159999999999958e-01 8.814660000000000582e+04
2.048000000000000000e+03 2.200000000000000000e+01 5.904040000000000399e-01 8.814660000000000582e+04
2.048000000000000000e+03 2.300000000000000000e+01 5.802159999999999540e-01 8.814660000000000582e+04
2.048000000000000000e+03 2.400000000000000000e+01 5.561469999999999470e-01 8.814660000000000582e+04
2.048000000000000000e+03 2.500000000000000000e+01 5.440260000000000096e-01 8.814660000000000582e+04
2.048000000000000000e+03 2.600000000000000000e+01 5.316070000000000517e-01 8.814660000000000582e+04
2.048000000000000000e+03 2.700000000000000000e+01 5.180749999999999522e-01 8.814660000000000582e+04
2.048000000000000000e+03 2.800000000000000000e+01 5.083689999999999598e-01 8.814660000000000582e+04
2.048000000000000000e+03 2.900000000000000000e+01 4.912219999999999920e-01 8.814660000000000582e+04
2.048000000000000000e+03 3.000000000000000000e+01 4.764950000000000019e-01 8.814660000000000582e+04
2.048000000000000000e+03 3.100000000000000000e+01 4.707180000000000253e-01 8.814660000000000582e+04
2.048000000000000000e+03 3.200000000000000000e+01 4.563159999999999994e-01 8.814660000000000582e+04
2.049000000000000000e+03 1.000000000000000000e+00 1.429049999999999976e+01 8.821069999999999709e+04
2.049000000000000000e+03 2.000000000000000000e+00 6.336310000000000109e+00 8.821069999999999709e+04
2.049000000000000000e+03 3.000000000000000000e+00 3.861270000000000202e+00 8.821069999999999709e+04
2.049000000000000000e+03 4.000000000000000000e+00 2.909110000000000085e+00 8.821069999999999709e+04
2.049000000000000000e+03 5.000000000000000000e+00 2.544890000000000096e+00 8.821069999999999709e+04
2.049000000000000000e+03 6.000000000000000000e+00 1.982739999999999947e+00 8.821069999999999709e+04
2.049000000000000000e+03 7.000000000000000000e+00 1.676539999999999919e+00 8.821069999999999709e+04
2.049000000000000000e+03 8.000000000000000000e+00 1.462020000000000097e+00 8.821069999999999709e+04
2.049000000000000000e+03 9.000000000000000000e+00 1.398230000000000084e+00 8.821069999999999709e+04
2.049000000000000000e+03 1.000000000000000000e+01 1.284890000000000088e+00 8.821069999999999709e+04
2.049000000000000000e+03 1.100000000000000000e+01 1.134300000000000086e+00 8.821069999999999709e+04
2.049000000000000000e+03 1.200000000000000000e+01 1.043809999999999905e+00 8.821069999999999709e+04
2.049000000000000000e+03 1.300000000000000000e+01 9.672669999999999879e-01 8.821069999999999709e+04
2.049000000000000000e+03 1.400000000000000000e+01 8.956340000000000412e-01 8.821069999999999709e+04
2.049000000000000000e+03 1.500000000000000000e+01 8.503220000000000223e-01 8.821069999999999709e+04
2.049000000000000000e+03 1.600000000000000000e+01 8.091340000000000199e-01 8.821069999999999709e+04
2.049000000000000000e+03 1.700000000000000000e+01 7.475359999999999783e-01 8.821069999999999709e+04
2.049000000000000000e+03 1.800000000000000000e+01 7.186639999999999695e-01 8.821069999999999709e+04
2.049000000000000000e+03 1.900000000000000000e+01 6.831700000000000550e-01 8.821069999999999709e+04
2.049000000000000000e+03 2.000000000000000000e+01 6.528899999999999704e-01 8.821069999999999709e+04
2.049000000000000000e+03 2.100000000000000000e+01 6.161280000000000090e-01 8.821069999999999709e+04
2.049000000000000000e+03 2.200000000000000000e+01 5.990579999999999794e-01 8.821069999999999709e+04
2.049000000000000000e+03 2.300000000000000000e+01 5.703629999999999534e-01 8.821069999999999709e+04
2.049000000000000000e+03 2.400000000000000000e+01 5.553730000000000055e-01 8.821069999999999709e+04
2.049000000000000000e+03 2.500000000000000000e+01 5.352879999999999860e-01 8.821069999999999709e+04
2.049000000000000000e+03 2.600000000000000000e+01 5.536929999999999907e-01 8.821069999999999709e+04
2.049000000000000000e+03 2.700000000000000000e+01 5.135340000000000460e-01 8.821069999999999709e+04
2.049000000000000000e+03 2.800000000000000000e+01 5.018759999999999888e-01 8.821069999999999709e+04
2.049000000000000000e+03 2.900000000000000000e+01 4.930309999999999970e-01 8.821069999999999709e+04
2.049000000000000000e+03 3.000000000000000000e+01 4.787109999999999976e-01 8.821069999999999709e+04
2.049000000000000000e+03 3.100000000000000000e+01 4.695719999999999894e-01 8.821069999999999709e+04
2.049000000000000000e+03 3.200000000000000000e+01 4.910229999999999873e-01 8.821069999999999709e+04
